Reference Removed RMSD 
3OE8_A_CXCR4_HUMAN_3OE8A_3OE8B_AB 3OE8_A_CXCR4_HUMAN_3OE8A_symC0000-100_AC (1.2406299114227295, 3412, 5, 2.2350993156433105, 4116, 2391.6240234375, 518) 
3OE8_A_CXCR4_HUMAN_3OE8A_symB00010000_AB 3OE8_B_CXCR4_HUMAN_3OE8B_symA00-10000_BA (0.0, 4312, 0, 0.0, 4312, 2934.27197265625, 535) 
3P0G_A_ADRB2_HUMAN_3P0GA_symA0000-100_AQ 3P0G_A_ADRB2_HUMAN_3P0GA_symA00000100_AQ (0.0005859096418134868, 4572, 2, 0.0005884834099560976, 4580, 3140.03955078125, 568) 
3UON_A_ACM2_HUMAN_3UONA_symA0000-100_AQ 3UON_A_ACM2_HUMAN_3UONA_symA00000100_AQ (0.0005460957763716578, 4131, 4, 0.0006132322014309466, 4404, 3088.55615234375, 556) 
4MBS_A_CCR5_HUMAN_4MBSA_4MBSB_AB 4MBS_A_CCR5_HUMAN_4MBSA_symB00-10000_AB (2.1846237182617188, 4536, 3, 2.2387123107910156, 4584, 3102.309814453125, 580) 
4UG2_A_AA2AR_HUMAN_4UG2A_symB03-10000_AB 4UG2_B_AA2AR_HUMAN_4UG2B_symA03000000_BA (0.0007268991903401911, 4403, 2, 0.0007272780640050769, 4404, 3080.137939453125, 568) 
4XNV_A_P2RY1_HUMAN_4XNVA_symA0100-100_AQ 4XNV_A_P2RY1_HUMAN_4XNVA_symA02000000_AQ (0.0008054663194343448, 4650, 2, 0.000807825184892863, 4658, 3141.34521484375, 580) 
4XNV_A_P2RY1_HUMAN_4XNVA_symA01010000_AQ 4XNV_A_P2RY1_HUMAN_4XNVA_symA02000100_AQ (0.0008077554521150887, 4650, 2, 0.0008101236307993531, 4658, 3141.3359375, 580) 
4XNW_A_P2RY1_HUMAN_4XNWA_symA00-10000_AQ 4XNW_A_P2RY1_HUMAN_4XNWA_symA00010000_AQ (0.0007574345800094306, 4696, 1, 0.0007574345800094306, 4696, 3175.240478515625, 584) 
4XT1_A_US28_HCMVA_4XT1A_symA01-10000_AQ 4XT1_A_US28_HCMVA_4XT1A_symA0300-100_AQ (0.0007029564003460109, 4711, 2, 0.0007037289906293154, 4714, 3302.7431640625, 582) 
4XT1_A_US28_HCMVA_4XT1A_symA01000000_AQ 4XT1_A_US28_HCMVA_4XT1A_symA03000000_AQ (0.0, 4714, 0, 0.0, 4714, 3303.540771484375, 582) 
4Z35_A_LPAR1_HUMAN_4Z35A_symA00-10000_AQ 4Z35_A_LPAR1_HUMAN_4Z35A_symA00010000_AQ (0.0005831080488860607, 4536, 2, 0.0005876150680705905, 4550, 3201.503173828125, 580) 
4ZUD_A_AGTR1_HUMAN_4ZUDA_symA00-1-100_AQ 4ZUD_A_AGTR1_HUMAN_4ZUDA_symA00010100_AQ (0.0, 3063, 4, 0.0004937677294947207, 4194, 2985.567138671875, 542) 
4ZUD_A_AGTR1_HUMAN_4ZUDA_symA0000-100_AQ 4ZUD_A_AGTR1_HUMAN_4ZUDA_symA00000100_AQ (0.0006238321657292545, 4175, 2, 0.0006294815102592111, 4194, 2985.317138671875, 542) 
5IU4_A_AA2AR_HUMAN_5IU4A_symA00-10000_AQ 5IU4_A_AA2AR_HUMAN_5IU4A_symA00010000_AQ (0.000706578022800386, 4865, 2, 0.0007068317499943078, 4866, 3151.060546875, 590) 
5UEN_A_AA1R_HUMAN_5UENA_symB02000100_AB 5UEN_B_AA1R_HUMAN_5UENB_symA02000000_BA (0.000702405464835465, 4759, 2, 0.0007028781110420823, 4761, 3356.06689453125, 601) 
